input1 <- list(mu = 4,
               sigma = 1.58,
               root1 = 1.05,
               root2 = -.275,
               start1 = 25,
               start2 = 10)
