input2 <- list(mu = 9,
	           sigma = 3.2,
	           root1= .95,
	           root2 = -.125,
	           start1 = 25,
	           start2 = 10)
